1.234
5.678
9.1011
13.1415
17.1617
21.1819
25.2021
29.2223
33.2425
37.2627
41.2829
45.3031
49.3233
53.3435
57.3637
61.3839
65.4041
69.4243
73.4445
77.4647
81.4849
85.5051
89.5253
93.5455
97.5657
101.5859
105.6061
109.6263
113.6465
117.6667
121.6869
125.7071
129.7273
133.7475
137.7677
141.7879
145.8081
149.8283
153.8485
157.8687
161.8889
165.9091
169.9293
173.9495
177.9697
181.9899
186.0101
190.0303
194.0505
198.0707
202.0909
206.1111
210.1313
214.1515
218.1717
222.1919
226.2121
230.2323
234.2525
238.2727
242.2929
246.3131
250.3333
254.3535
258.3737
262.3939
266.4141
270.4343
274.4545
278.4747
282.4949
286.5151
290.5353
294.5555
298.5757
302.5959
306.6161
310.6363
314.6565
318.6767
322.6969
326.7171
330.7373
334.7575
338.7777
342.7979
346.8181
350.8383
354.8585
358.8787
362.8989
366.9191
370.9393
374.9595
378.9797
383.9999
388.0201
392.0403
396.0605
400.0807
404.1009
408.1211
412.1413
416.1615
420.1817
424.2019
428.2221
432.2423
436.2625
440.2827
444.3029
448.3231
452.3433
456.3635
460.3837
464.4039
468.4241
472.4443
476.4645
480.4847
484.5049
488.5251
492.5453
496.5655
500.5857
504.6059
508.6261
512.6463
516.6665
520.6867
524.7069
528.7271
532.7473
536.7675
540.7877
544.8079
548.8281
552.8483
556.8685
560.8887
564.9089
568.9291
572.9493
576.9695
580.9897
585.0099
589.0301
593.0503
597.0705
601.0907
605.1109
609.1311
613.1513
617.1715
621.1917
625.2119
629.2321
633.2523
637.2725
641.2927
645.3129
649.3331
653.3533
657.3735
661.3937
665.4139
669.4341
673.4543
677.4745
681.4947
685.5149
689.5351
693.5553
697.5755
701.5957
705.6159
709.6361
713.6563
717.6765
721.6967
725.7169
729.7371
733.7573
737.7775
741.7977
745.8179
749.8381
753.8583
757.8785
761.8987
765.9189
769.9391
773.9593
777.9795
782.9997
787.0199
791.0401
795.0603
799.0805
803.1007
807.1209
811.1411
815.1613
819.1815
823.2017
827.2219
831.2421
835.2623
839.2825
843.3027
847.3229
851.3431
855.3633
859.3835
863.4037
867.4239
871.4441
875.4643
879.4845
883.5047
887.5249
891.5451
895.5653
899.5855
903.6057
907.6259
911.6461
915.6663
919.6865
923.7067
927.7269
931.7471
935.7673
939.7875
943.8077
947.8279
951.8481
955.8683